0 1	0 6	10	1
0 1	0 8	-5	1
0 1	0 11	3	1
0 1	0 12	11	1
0 1	0 15	-8	1
0 1	0 16	-10	1
0 2	0 11	10	1
0 2	0 13	7	1
0 2	0 16	6	1
0 3	0 2	6	1
0 3	0 3	8	1
0 3	0 5	3	1
0 3	0 8	-6	1
0 4	0 3	1	1
0 4	0 4	-8	1
0 4	0 7	4	1
0 4	0 10	1	1
0 4	0 13	-6	1
0 4	0 14	-10	1
0 5	0 1	-7	1
0 5	0 2	7	1
0 5	0 7	-7	1
0 5	0 8	-5	1
0 5	0 16	-9	1
0 6	0 1	-4	1
0 6	0 2	8	1
0 6	0 9	6	1
0 6	0 10	-2	1
0 6	0 11	5	1
0 6	0 13	-1	1
0 6	0 14	-8	1
0 7	0 3	10	1
0 7	0 6	-3	1
0 7	0 8	-8	1
0 7	0 9	7	1
0 7	0 12	1	1
0 7	0 15	9	1
0 7	0 16	-5	1
0 8	0 4	16	1
0 8	0 5	-7	1
0 8	0 6	6	1
0 8	0 10	7	1
0 8	0 11	4	1
0 9	0 4	3	1
0 9	0 8	-8	1
0 9	0 11	4	1
0 9	0 13	5	1
0 9	0 14	-5	1
0 9	0 16	-6	1
0 10	0 3	-6	1
0 10	0 4	-7	1
0 10	0 6	19	1
0 10	0 14	-9	1
0 10	0 15	1	1
0 11	0 6	13	1
0 11	0 7	-1	1
0 11	0 8	5	1
0 11	0 9	-8	1
0 11	0 12	2	1
0 11	0 13	2	1
0 12	0 1	9	1
0 12	0 3	3	1
0 12	0 5	5	1
0 12	0 7	1	1
0 12	0 11	-7	1
0 12	0 12	-4	1
0 13	0 6	10	1
0 13	0 7	-6	1
0 13	0 10	9	1
0 13	0 11	5	1
0 13	0 13	-3	1
0 13	0 14	6	1
0 14	0 1	-6	1
0 14	0 4	3	1
0 14	0 6	2	1
0 14	0 7	6	1
0 14	0 10	-4	1
0 14	0 11	6	1
0 14	0 12	-6	1
0 14	0 13	-15	1
0 14	0 14	-10	1
0 14	0 15	-1	1
0 15	0 1	9	1
0 15	0 2	-1	1
0 15	0 6	5	1
0 15	0 8	2	1
0 15	0 10	-7	1
0 15	0 13	4	1
0 15	0 14	-15	1
0 16	0 2	-9	1
0 16	0 9	-6	1
0 16	0 10	-1	1
0 16	0 11	12	1
0 16	0 14	-6	1
0 16	0 15	5	1
0 16	0 16	-5	1
