0.243274247339646 99.9008940619772 42.8265276037685 in
1.31529093691461 35.5028985972809 26.4323272116863 ex
2.39876442405837 101.674162692828 54.1572653676693 in
3.73956355451155 94.8860388276438 14.019813521583 ex
4.84791368553842 72.9970868931283 45.424066248457 ex
5.65371286019141 97.4806148340388 97.02403772165 ex
6.88298427395629 62.3433395439673 92.3733585917506 ex
8.06175874328134 125.619504425264 20.9825937837846 ex
8.15600233492499 128.893722257006 116.265540974558 ex
9.20521327872274 66.3472226358398 52.8742524410906 in
11.0617399730515 75.0187792761133 121.676865828416 ex
12.0497253855309 22.7388970148335 76.5471135277718 ex
12.357525559325 72.374847161332 14.4671650894895 ex
12.7282724970828 34.8136130281288 82.6667469691485 ex
14.446880168381 26.2402418288793 21.6589904659004 in
15.0839447085164 20.04831535569 35.7818911172001 ex
15.8386170288059 2.56042809425337 106.392717173464 ex
16.059105901006 14.1049682010593 22.2199531599511 ex
18.1765500211641 129.802306288431 32.9488258898001 ex
19.8877041466312 102.547211541645 123.499980445248 ex
20.255326473438 126.488265619159 88.6963148394111 ex
20.4760959938669 41.7683620226544 109.678474052994 ex
24.0542491809363 122.594647469735 64.7612840390752 ex
26.2518925185496 101.193291209427 3.47009547977759 ex
26.5196794851732 37.4844839584592 103.469254994149 ex
26.863782048362 77.5469488752536 61.7055595759612 ex
27.4668766999405 90.6837803584744 126.906118526614 in
28.2100278141917 80.4559058104979 68.4738050830437 in
28.95923262299 42.4092641847499 29.453190005171 in
29.8223611750197 56.1566217394701 107.364720780604 ex
31.4380827338924 85.4597911838433 43.6088459753109 ex
43.7728970242378 9.89896036852736 94.4822047670366 in
44.7740971816811 52.7917771154203 19.4218501834894 ex
45.4784157411355 126.839756971958 28.6744473598717 ex
47.8511419228048 109.326509801849 4.28893065819657 ex
48.2024429951445 38.9396274460075 11.123693960817 in
49.1795897508796 35.3107943539668 114.016173008348 in
49.5208413516836 0.976544001738373 13.2162017082388 ex
50.3554084062647 11.6318357877957 70.9201047645709 ex
51.5850981234881 84.7688641481078 91.9625854545648 ex
54.5887962059597 9.16010317949265 116.200478467757 in
55.9960518915658 96.9914966963795 16.8028753129133 ex
57.6373754627229 66.6949105109098 48.492666667032 ex
57.959702398753 100.921220509735 127.515049410593 ex
59.5003872479114 11.2654896660282 19.6587739788153 ex
60.3459283413726 83.7528297526801 81.6728614804592 ex
61.8548780904092 54.5102899770493 110.659629158449 ex
62.6727956811858 37.1338195008131 33.7438873717038 ex
62.7073236925431 69.561416009513 6.49470315661949 ex
64.2234368986681 18.6179378735463 33.4877661036245 ex
65.8280787315277 73.9792997960039 65.943137975976 ex
68.1636407628536 126.43858804716 30.0984390525473 in
70.2908644208976 4.72241134924038 65.3222301033472 ex
70.4222518742065 116.951645944903 21.9583020246631 ex
74.4713175077751 45.521950424029 25.0767339125702 ex
74.8330301883137 39.250233668877 79.4485820218445 ex
75.2969981253597 68.6119480875504 101.180415202817 ex
75.8347968742262 127.95009791256 80.1609246560779 ex
77.5226316864143 6.36093663426127 87.7324030779606 ex
78.3528626936827 68.1939984253898 69.5151504124018 in
81.1370819120887 51.4981915130821 114.559132675301 ex
85.9816373663177 3.11405506193022 37.5408456761482 ex
86.2472453678643 20.2369825256972 24.6888473376425 ex
86.4580680396046 128.774637450788 78.3626583569835 ex
87.6150104942621 3.80748584496837 66.8100785179118 ex
88.3358709598075 45.2057491129255 63.6761691025571 in
89.4923983076041 74.1685080160588 89.2694133853939 in
90.2069268817429 89.8563802097084 75.5668703134265 ex
90.4435044912771 95.6041209869543 93.7831715880779 ex
90.5032319439807 43.9051908434105 48.8923732238513 in
90.5686240605718 20.5072249578319 109.965487560404 in
93.0851248056139 122.622348469803 104.703793661128 ex
97.1938911076568 115.625739815828 77.191478934459 ex
97.941051160507 78.2539272327381 112.015440249514 ex
100.02915823931 43.7153374744143 82.6375511928333 ex
100.850613212684 38.7989742417546 18.6045899690305 ex
100.950441467923 64.6986616058222 36.7787544315253 ex
106.249844738397 32.1665055533059 21.8273372496423 ex
107.147556806381 32.2801878912822 109.934853959476 ex
109.522153053981 109.783523811366 109.687483565612 ex
109.99385860722 88.2666015999261 42.089022588688 ex
110.688070575518 35.9257548124582 70.1256818741544 in
111.199237559329 56.5476306787305 70.3163308092948 ex
111.919132791933 74.9543599588379 6.51619071421855 ex
112.441757291857 91.5124910030531 78.0014391132522 ex
112.933742992416 20.5106921296058 36.6956828021376 ex
113.570662475127 112.131585611426 20.8477399107917 ex
114.386971842186 7.8476027320392 124.155714341111 in
115.679141032422 25.4428440267236 81.0212496631282 ex
115.754834995891 129.226153810218 95.6941620502418 ex
116.388407301493 12.6862988597345 11.9213783985039 ex
117.089113093426 128.796755916291 40.5030937940583 ex
117.242893711363 80.2458015015587 121.161036404194 ex
117.339946528991 42.8956313312866 40.1593627938465 ex
119.513040737322 46.3747504490492 91.0006836397299 ex
124.106476390284 129.330725368658 74.4200542995306 ex
125.07102647458 89.2358492422801 71.5554974705293 in
126.805405179232 2.42994582801467 63.0839528328518 ex
129.100821689452 67.3000921723446 95.151378772421 ex
129.610839297419 97.5928097223951 0.105250747625757 ex
