1 1 1088
1 2 19
1 3 4
1 4 259
1 7 85
1 5 329
1 9 30
1 8 129
1 10 11
1 6 37
1 12 12
1 11 3
1 13 2
2 1 19
2 7 58
2 2 4379
2 8 34
2 5 53
2 6 119
2 4 55
2 10 17
2 12 1
2 46 13
2 44 67
2 41 11
2 43 2
2 45 1
2 42 73
2 3 3
3 1 4
3 2 3
4 1 259
4 2 55
4 4 6045
4 6 26
4 7 380
4 8 1924
4 46 25
4 5 1863
4 10 109
4 9 27
4 12 13
4 39 56
4 17 36
4 13 5
4 18 25
4 15 12
4 40 4
4 11 2
4 27 4
4 44 2
4 41 1
4 53 322
4 16 5
4 54 48
4 33 1
4 37 4
5 1 329
5 2 53
5 6 250
5 5 8751
5 10 55
5 13 572
5 7 158
5 41 6
5 42 5
5 44 8
5 8 552
5 46 3
5 9 178
5 12 216
5 4 1863
5 18 369
5 17 39
5 22 134
5 39 745
5 27 20
5 11 458
5 15 13
5 30 175
5 21 10
5 40 8
5 38 340
5 14 4
5 16 87
5 23 53
5 32 22
5 31 26
5 37 322
5 53 121
5 33 9
5 54 251
5 29 1
6 1 37
6 6 3097
6 5 250
6 2 119
6 7 42
6 8 103
6 17 34
6 15 23
6 10 73
6 4 26
6 46 5
6 18 2
6 21 13
6 39 14
6 9 41
6 12 103
6 13 43
6 40 2
6 27 2
6 41 28
6 42 34
6 44 8
6 11 10
7 2 58
7 1 85
7 8 1292
7 5 158
7 6 42
7 4 380
7 7 8713
7 10 2081
7 9 18
7 17 47
7 46 1479
7 15 110
7 21 7
7 18 140
7 45 18
7 44 77
7 12 3
7 14 1
7 39 62
7 27 44
7 13 19
7 11 13
7 28 250
7 30 1
7 40 2
7 22 10
7 26 5
7 29 5
7 50 41
7 51 2
7 43 4
7 49 53
7 41 5
7 53 187
7 52 120
7 16 1
7 54 5
8 2 34
8 1 129
8 7 1292
8 6 103
8 4 1924
8 8 6479
8 5 552
8 46 89
8 10 490
8 44 32
8 9 25
8 15 35
8 12 37
8 17 31
8 40 7
8 21 2
8 18 109
8 22 5
8 14 3
8 39 103
8 28 14
8 27 56
8 11 10
8 13 15
8 16 5
8 53 221
8 54 12
8 26 1
8 33 1
8 23 2
8 50 4
9 1 30
9 7 18
9 5 178
9 9 318
9 8 25
9 4 27
9 6 41
9 39 46
9 11 11
9 27 23
9 12 166
9 13 58
9 10 3
9 40 2
9 30 10
9 18 1
9 41 1
9 54 4
9 38 5
10 1 11
10 2 17
10 5 55
10 7 2081
10 6 73
10 8 490
10 4 109
10 12 18
10 10 3618
10 15 545
10 46 569
10 9 3
10 18 113
10 14 1
10 28 216
10 29 4
10 52 37
10 27 15
10 26 72
10 13 1
10 16 14
10 17 188
10 22 25
10 30 7
10 49 35
10 40 17
10 11 4
10 21 3
10 42 1
10 41 2
10 58 2
10 48 8
11 1 3
11 5 458
11 11 2381
11 27 71
11 39 243
11 13 316
11 6 10
11 12 38
11 9 11
11 4 2
11 18 99
11 28 1
11 29 4
11 30 357
11 22 10
11 7 13
11 8 10
11 40 1
11 16 13
11 38 766
11 31 8
11 33 1
11 54 37
11 23 1
11 37 16
11 10 4
11 34 1
11 56 6
11 59 2
12 1 12
12 12 4337
12 5 216
12 13 344
12 6 103
12 9 166
12 39 80
12 8 37
12 2 1
12 7 3
12 4 13
12 10 18
12 17 11
12 15 6
12 21 1
12 40 19
12 11 38
12 27 34
12 18 1
12 41 6
12 42 27
13 1 2
13 11 316
13 12 344
13 5 572
13 6 43
13 13 5230
13 27 282
13 18 43
13 14 6
13 39 100
13 22 5
13 9 58
13 40 64
13 7 19
13 28 2
13 30 33
13 10 1
13 15 2
13 17 6
13 4 5
13 42 4
13 8 15
13 38 60
13 37 2
13 54 4
14 14 959
14 15 6
14 16 146
14 17 229
14 18 325
14 19 399
14 20 22
14 21 46
14 23 234
14 22 423
14 24 9
14 25 44
14 26 2
14 27 27
14 8 3
14 28 1
14 7 1
14 10 1
14 29 1
14 13 6
14 30 20
14 5 4
14 33 13
14 34 27
14 35 22
14 32 6
14 31 6
14 37 6
14 38 2
14 36 2
15 14 6
15 15 2974
15 16 83
15 46 594
15 10 545
15 17 299
15 26 494
15 19 7
15 21 123
15 7 110
15 8 35
15 22 15
15 41 549
15 18 53
15 43 157
15 45 27
15 49 44
15 48 47
15 40 18
15 6 23
15 5 13
15 44 4
15 4 12
15 12 6
15 50 3
15 47 6
15 13 2
15 42 11
15 52 1
15 20 4
16 14 146
16 15 83
16 16 3253
16 17 365
16 18 392
16 21 74
16 22 405
16 26 28
16 46 6
16 10 14
16 19 241
16 25 258
16 20 20
16 23 224
16 5 87
16 30 207
16 31 156
16 32 473
16 33 384
16 37 76
16 39 63
16 11 13
16 54 273
16 35 72
16 27 1
16 38 3
16 28 25
16 34 44
16 55 114
16 56 57
16 29 1
16 53 21
16 8 5
16 4 5
16 57 32
16 7 1
16 36 7
17 14 229
17 17 3045
17 19 176
17 21 478
17 15 299
17 16 365
17 18 248
17 20 36
17 22 105
17 26 32
17 23 32
17 5 39
17 8 31
17 27 3
17 7 47
17 10 188
17 6 34
17 4 36
17 40 195
17 12 11
17 25 7
17 41 39
17 46 15
17 58 50
17 50 1
17 48 2
17 42 4
17 13 6
17 47 1
18 14 325
18 17 248
18 18 9711
18 21 44
18 19 141
18 16 392
18 26 25
18 20 18
18 15 53
18 10 113
18 22 1832
18 8 109
18 27 129
18 24 32
18 30 2353
18 23 389
18 31 477
18 37 207
18 38 130
18 25 59
18 5 369
18 7 140
18 39 62
18 11 99
18 53 42
18 54 37
18 4 25
18 13 43
18 60 14
18 35 322
18 51 14
18 33 165
18 34 50
18 28 4
18 29 15
18 50 25
18 59 7
18 56 16
18 52 4
18 36 28
18 32 464
18 40 21
18 12 1
18 6 2
18 9 1
18 55 3
18 41 4
18 46 4
19 14 399
19 17 176
19 16 241
19 23 280
19 19 1672
19 21 109
19 25 238
19 20 179
19 15 7
19 22 469
19 26 24
19 18 141
19 58 9
19 33 29
19 30 3
19 32 3
19 35 2
19 36 1
19 31 1
19 34 2
19 56 11
19 52 4
19 50 4
19 51 15
19 59 1
20 14 22
20 17 36
20 19 179
20 22 151
20 21 53
20 26 18
20 20 3129
20 18 18
20 16 20
20 25 111
20 15 4
20 51 608
20 56 693
20 50 233
20 59 216
20 52 43
20 24 121
20 60 134
20 35 173
20 36 118
20 61 8
20 66 41
20 64 3
20 62 1
20 65 94
20 67 238
20 63 14
20 58 3
20 55 42
20 49 2
20 29 15
20 57 17
20 33 16
21 14 46
21 15 123
21 16 74
21 17 478
21 19 109
21 21 1637
21 18 44
21 10 3
21 26 193
21 22 72
21 50 159
21 20 53
21 7 7
21 5 10
21 6 13
21 41 6
21 47 10
21 48 94
21 12 1
21 8 2
21 58 139
21 46 1
21 40 21
21 49 6
21 51 23
21 68 1
21 52 9
21 60 3
21 63 5
21 62 1
21 65 6
21 67 16
21 56 15
21 59 5
21 69 3
22 20 151
22 14 423
22 19 469
22 22 9758
22 18 1832
22 16 405
22 26 75
22 17 105
22 23 535
22 34 405
22 56 507
22 60 38
22 50 191
22 33 565
22 24 153
22 35 1747
22 51 214
22 52 73
22 49 6
22 47 1
22 59 45
22 58 59
22 21 72
22 25 625
22 27 22
22 13 5
22 30 333
22 11 10
22 55 29
22 67 45
22 61 2
22 62 2
22 66 3
22 64 1
22 29 3
22 36 370
22 5 134
22 31 312
22 32 1096
22 37 132
22 38 36
22 54 27
22 39 9
22 8 5
22 15 15
22 7 10
22 10 25
22 46 1
23 14 234
23 19 280
23 22 535
23 25 115
23 23 888
23 18 389
23 16 224
23 17 32
23 33 126
23 34 16
23 35 31
23 30 123
23 31 32
23 32 57
23 54 8
23 37 27
23 53 2
23 5 53
23 38 5
23 39 22
23 11 1
23 8 2
23 56 19
23 36 1
24 22 153
24 14 9
24 18 32
24 34 17
24 56 121
24 50 69
24 59 29
24 67 208
24 24 1767
24 55 6
24 60 37
24 51 116
24 20 121
24 52 11
24 36 16
24 35 232
24 33 17
24 29 18
24 30 2
24 26 2
24 66 2
24 65 11
25 19 238
25 14 44
25 25 756
25 22 625
25 33 222
25 18 59
25 23 115
25 16 258
25 20 111
25 17 7
25 30 10
25 32 107
25 35 67
25 31 1
25 34 1
26 17 32
26 20 18
26 19 24
26 22 75
26 21 193
26 14 2
26 18 25
26 26 1800
26 15 494
26 16 28
26 58 21
26 41 204
26 43 99
26 47 66
26 48 432
26 46 127
26 45 8
26 49 458
26 52 134
26 7 5
26 8 1
26 50 193
26 10 72
26 51 26
26 24 2
26 59 4
26 64 32
26 69 11
26 65 7
26 67 7
26 63 2
26 68 1
27 22 22
27 14 27
27 27 2000
27 18 129
27 11 71
27 30 58
27 39 54
27 12 34
27 9 23
27 13 282
27 5 20
27 28 12
27 17 3
27 29 3
27 8 56
27 7 44
27 10 15
27 4 4
27 40 7
27 41 2
27 42 1
27 6 2
27 16 1
28 11 1
28 18 4
28 14 1
28 8 14
28 27 12
28 7 250
28 28 1091
28 13 2
28 10 216
28 52 19
28 29 6
28 50 2
28 51 1
28 16 25
28 39 5
28 53 11
29 11 4
29 18 15
29 14 1
29 27 3
29 7 5
29 29 1250
29 10 4
29 28 6
29 50 148
29 52 253
29 5 1
29 51 298
29 30 9
29 31 2
29 39 3
29 56 32
29 59 12
29 54 2
29 16 1
29 24 18
29 35 4
29 22 3
29 60 3
29 55 1
29 20 15
29 57 29
30 11 357
30 18 2353
30 27 58
30 14 20
30 30 12509
30 39 80
30 38 777
30 22 333
30 5 175
30 25 10
30 16 207
30 31 601
30 23 123
30 32 87
30 33 66
30 34 50
30 35 33
30 54 224
30 37 753
30 53 27
30 19 3
30 56 106
30 29 9
30 24 2
30 36 1
30 7 1
30 9 10
30 13 33
30 10 7
30 46 1
30 59 2
31 18 477
31 23 32
31 16 156
31 30 601
31 14 6
31 22 312
31 31 922
31 34 5
31 35 15
31 32 540
31 55 6
31 39 9
31 11 8
31 37 49
31 5 26
31 54 89
31 53 2
31 19 1
31 29 2
31 33 49
31 56 7
31 38 13
31 36 1
31 25 1
32 14 6
32 16 473
32 23 57
32 30 87
32 18 464
32 25 107
32 33 579
32 22 1096
32 19 3
32 32 2964
32 31 540
32 35 460
32 55 234
32 5 22
32 37 23
32 54 79
32 39 5
32 38 1
32 34 99
32 36 33
32 56 10
32 57 1
33 18 165
33 19 29
33 23 126
33 22 565
33 14 13
33 16 384
33 30 66
33 25 222
33 32 579
33 33 2110
33 35 129
33 34 154
33 36 92
33 56 283
33 55 264
33 5 9
33 54 108
33 39 24
33 11 1
33 31 49
33 37 19
33 53 14
33 8 1
33 4 1
33 57 46
33 38 1
33 24 17
33 20 16
34 22 405
34 18 50
34 23 16
34 14 27
34 30 50
34 31 5
34 34 1876
34 35 476
34 32 99
34 19 2
34 33 154
34 55 224
34 57 71
34 36 334
34 24 17
34 56 187
34 54 1
34 16 44
34 11 1
34 67 1
34 25 1
34 59 3
35 18 322
35 23 31
35 14 22
35 30 33
35 31 15
35 22 1747
35 35 12361
35 16 72
35 25 67
35 33 129
35 34 476
35 56 109
35 36 1021
35 32 460
35 38 1
35 55 124
35 54 2
35 19 2
35 24 232
35 57 8
35 60 99
35 50 3
35 20 173
35 67 49
35 65 3
35 58 1
35 59 3
35 51 1
35 29 4
36 14 2
36 56 339
36 22 370
36 36 2760
36 33 92
36 19 1
36 34 334
36 32 33
36 31 1
36 16 7
36 55 20
36 35 1021
36 23 1
36 24 16
36 18 28
36 30 1
36 51 12
36 50 2
36 20 118
36 67 5
36 60 301
36 59 3
37 22 132
37 14 6
37 18 207
37 38 177
37 31 49
37 30 753
37 5 322
37 37 1642
37 16 76
37 33 19
37 23 27
37 32 23
37 54 379
37 53 94
37 39 15
37 11 16
37 13 2
37 4 4
38 5 340
38 22 36
38 14 2
38 18 130
38 38 1445
38 31 13
38 11 766
38 30 777
38 23 5
38 37 177
38 13 60
38 39 73
38 54 24
38 9 5
38 16 3
38 33 1
38 35 1
38 32 1
39 9 46
39 11 243
39 27 54
39 18 62
39 30 80
39 12 80
39 13 100
39 39 2009
39 7 62
39 5 745
39 6 14
39 40 2
39 8 103
39 4 56
39 28 5
39 16 63
39 31 9
39 23 22
39 22 9
39 32 5
39 54 143
39 53 25
39 38 73
39 33 24
39 37 15
39 29 3
39 56 3
39 50 1
40 4 4
40 27 7
40 40 1503
40 12 19
40 13 64
40 15 18
40 17 195
40 42 1
40 5 8
40 46 12
40 10 17
40 18 21
40 58 8
40 21 21
40 11 1
40 39 2
40 9 2
40 7 2
40 8 7
40 6 2
40 41 17
41 5 6
41 17 39
41 27 2
41 41 3242
41 6 28
41 15 549
41 26 204
41 43 160
41 46 154
41 2 11
41 44 9
41 18 4
41 4 1
41 21 6
41 7 5
41 47 9
41 45 22
41 48 22
41 40 17
41 42 52
41 49 23
41 12 6
41 10 2
41 9 1
42 5 5
42 27 1
42 12 27
42 6 34
42 41 52
42 2 73
42 15 11
42 42 3774
42 43 24
42 44 22
42 40 1
42 13 4
42 10 1
42 17 4
43 43 1282
43 44 13
43 45 69
43 46 333
43 42 24
43 41 160
43 15 157
43 47 4
43 26 99
43 48 26
43 49 24
43 7 4
43 2 2
44 43 13
44 44 3242
44 5 8
44 2 67
44 41 9
44 6 8
44 46 52
44 45 15
44 7 77
44 8 32
44 15 4
44 4 2
44 42 22
45 43 69
45 45 691
45 46 292
45 41 22
45 15 27
45 49 18
45 2 1
45 44 15
45 7 18
45 26 8
45 48 1
46 43 333
46 45 292
46 46 5532
46 49 1079
46 41 154
46 7 1479
46 44 52
46 15 594
46 10 569
46 26 127
46 48 25
46 50 52
46 8 89
46 4 25
46 2 13
46 52 24
46 17 15
46 16 6
46 5 3
46 6 5
46 22 1
46 18 4
46 30 1
46 40 12
46 58 2
46 21 1
47 43 4
47 41 9
47 26 66
47 48 314
47 47 1362
47 49 168
47 15 6
47 68 79
47 64 34
47 50 23
47 22 1
47 21 10
47 17 1
47 69 49
47 51 7
47 62 23
47 63 2
48 43 26
48 48 3019
48 26 432
48 41 22
48 45 1
48 46 25
48 15 47
48 49 377
48 47 314
48 21 94
48 50 124
48 10 8
48 52 3
48 68 27
48 64 28
48 17 2
48 69 76
48 51 8
48 62 23
48 65 9
48 67 4
48 58 47
48 63 2
49 43 24
49 46 1079
49 49 5288
49 48 377
49 64 230
49 68 351
49 26 458
49 41 23
49 45 18
49 50 1142
49 47 168
49 52 392
49 15 44
49 7 53
49 10 35
49 51 86
49 22 6
49 58 9
49 61 7
49 62 39
49 69 6
49 63 18
49 59 2
49 56 4
49 21 6
49 60 5
49 20 2
49 67 3
49 65 1
50 28 2
50 50 6943
50 52 826
50 29 148
50 7 41
50 20 233
50 22 191
50 46 52
50 49 1142
50 51 2744
50 64 309
50 21 159
50 24 69
50 56 336
50 62 100
50 69 11
50 26 193
50 48 124
50 67 127
50 66 53
50 60 62
50 61 86
50 59 272
50 8 4
50 36 2
50 58 29
50 65 140
50 39 1
50 57 122
50 15 3
50 17 1
50 47 23
50 63 253
50 18 25
50 68 45
50 19 4
50 35 3
50 55 3
51 22 214
51 7 2
51 28 1
51 52 317
51 20 608
51 59 2104
51 56 675
51 24 116
51 50 2744
51 51 8321
51 60 138
51 36 12
51 49 86
51 26 26
51 18 14
51 19 15
51 67 122
51 66 66
51 58 7
51 21 23
51 61 80
51 62 170
51 29 298
51 57 254
51 63 33
51 64 81
51 65 25
51 47 7
51 48 8
51 68 1
51 35 1
51 55 32
52 10 37
52 28 19
52 51 317
52 52 1764
52 50 826
52 7 120
52 49 392
52 29 253
52 22 73
52 26 134
52 46 24
52 58 21
52 21 9
52 24 11
52 67 12
52 65 1
52 15 1
52 59 23
52 19 4
52 64 3
52 18 4
52 62 2
52 61 2
52 56 11
52 60 7
52 63 38
52 66 4
52 20 43
52 48 3
53 28 11
53 53 1213
53 18 42
53 31 2
53 37 94
53 30 27
53 5 121
53 4 322
53 54 248
53 23 2
53 8 221
53 16 21
53 39 25
53 33 14
53 7 187
53 55 2
54 31 89
54 54 2654
54 30 224
54 32 79
54 16 273
54 33 108
54 56 7
54 23 8
54 18 37
54 34 1
54 35 2
54 39 143
54 37 379
54 5 251
54 29 2
54 22 27
54 55 20
54 53 248
54 7 5
54 8 12
54 4 48
54 11 37
54 9 4
54 38 24
54 13 4
54 57 2
55 31 6
55 32 234
55 16 114
55 54 20
55 33 264
55 55 1681
55 35 124
55 22 29
55 24 6
55 34 224
55 57 70
55 50 3
55 51 32
55 53 2
55 36 20
55 56 192
55 18 3
55 29 1
55 59 19
55 20 42
56 31 7
56 30 106
56 56 8849
56 11 6
56 39 3
56 51 675
56 29 32
56 59 1740
56 20 693
56 57 146
56 55 192
56 22 507
56 24 121
56 33 283
56 54 7
56 16 57
56 32 10
56 34 187
56 23 19
56 36 339
56 35 109
56 21 15
56 60 336
56 67 321
56 18 16
56 19 11
56 50 336
56 52 11
56 61 649
56 62 136
56 65 217
56 63 221
56 66 390
56 64 3
56 49 4
57 34 71
57 16 32
57 54 2
57 33 46
57 57 1178
57 50 122
57 51 254
57 55 70
57 35 8
57 56 146
57 59 158
57 32 1
57 29 29
57 20 17
58 40 8
58 46 2
58 17 50
58 10 2
58 58 1582
58 21 139
58 19 9
58 22 59
58 26 21
58 52 21
58 49 9
58 50 29
58 51 7
58 59 2
58 60 7
58 35 1
58 20 3
58 67 31
58 63 2
58 62 1
58 48 47
58 69 2
58 65 17
59 11 2
59 30 2
59 56 1740
59 59 6667
59 55 19
59 51 2104
59 57 158
59 18 7
59 20 216
59 52 23
59 50 272
59 26 4
59 22 45
59 21 5
59 60 27
59 19 1
59 24 29
59 61 167
59 64 18
59 65 24
59 62 153
59 67 39
59 63 12
59 49 2
59 66 13
59 58 2
59 29 12
59 34 3
59 36 3
59 35 3
60 22 38
60 18 14
60 24 37
60 60 1363
60 35 99
60 20 134
60 65 23
60 67 252
60 29 3
60 51 138
60 36 301
60 50 62
60 56 336
60 59 27
60 61 3
60 62 1
60 52 7
60 63 1
60 49 5
60 21 3
60 58 7
60 66 6
61 61 690
61 62 265
61 50 86
61 51 80
61 63 85
61 59 167
61 64 21
61 65 88
61 56 649
61 49 7
61 52 2
61 66 32
61 22 2
61 60 3
61 20 8
61 67 21
62 61 265
62 62 4943
62 50 100
62 51 170
62 63 276
62 64 174
62 56 136
62 52 2
62 59 153
62 49 39
62 47 23
62 48 23
62 65 25
62 22 2
62 60 1
62 66 1
62 20 1
62 67 5
62 68 3
62 21 1
62 58 1
62 69 77
63 61 85
63 50 253
63 62 276
63 51 33
63 63 3616
63 59 12
63 64 8
63 56 221
63 65 227
63 52 38
63 67 73
63 49 18
63 66 11
63 21 5
63 58 2
63 60 1
63 69 10
63 20 14
63 47 2
63 26 2
63 48 2
64 22 1
64 47 34
64 61 21
64 50 309
64 62 174
64 51 81
64 64 3498
64 59 18
64 63 8
64 65 14
64 56 3
64 49 230
64 66 1
64 20 3
64 67 3
64 68 20
64 48 28
64 26 32
64 52 3
64 69 36
65 61 88
65 50 140
65 51 25
65 64 14
65 59 24
65 62 25
65 56 217
65 63 227
65 65 3554
65 66 57
65 20 94
65 67 399
65 60 23
65 35 3
65 24 11
65 52 1
65 26 7
65 21 6
65 49 1
65 69 32
65 48 9
65 58 17
66 50 53
66 61 32
66 62 1
66 65 57
66 56 390
66 51 66
66 59 13
66 66 512
66 52 4
66 63 11
66 20 41
66 67 31
66 64 1
66 22 3
66 24 2
66 60 6
67 50 127
67 61 21
67 67 4629
67 56 321
67 65 399
67 22 45
67 60 252
67 20 238
67 64 3
67 59 39
67 62 5
67 52 12
67 24 208
67 35 49
67 51 122
67 63 73
67 58 31
67 49 3
67 66 31
67 34 1
67 36 5
67 26 7
67 21 16
67 69 5
67 48 4
68 47 79
68 68 846
68 49 351
68 64 20
68 50 45
68 48 27
68 62 3
68 51 1
68 21 1
68 26 1
68 69 2
69 47 49
69 69 3882
69 64 36
69 48 76
69 50 11
69 49 6
69 63 10
69 26 11
69 68 2
69 62 77
69 65 32
69 67 5
69 21 3
69 58 2
