0.735518
0.0528752
0.0068797
9.18e-05
0.0013724
5.53e-05
2.2e-06
1.88e-05
4.66e-05
0.0007953
0.0008353
0.0033141
0.0012605
0.0440303
0.0001162
0.0006255
9.4e-06
6e-07
8.5e-06
0.0415526
0.0001566
0.0430054
0.000117
0
0
4.8e-06
1.71e-05
5e-07
0.0001031
3.81e-05
0.0001118
0.0001198
0.0009409
0.0002783

0.718278
0.230365
0.140647
0.0034771
0.0269843
0.0003983
1.9e-05
0.0001148
0.0005296
0.0077479
0.0639236
0.0327074
0.0126606
0.070444
0.0009611
0.0061396
0.0001839
7.2e-06
6.98e-05
0.0559702
0.0004334
0.0618295
0.0007954
0
0
8.2e-06
2.35e-05
1.1e-06
0.0001906
0.0004098
0.0022984
0.0005579
0.0024209
0.0005664

0.746169
0.239068
0.147195
0.0036327
0.0292325
0.0004426
1.6e-05
0.0001082
0.0005602
0.0080204
0.0654379
0.0345838
0.012918
0.0729068
0.0011148
0.0063316
0.0001266
6e-06
7.67e-05
0.0583796
0.0004712
0.0640509
0.0007575
0
0
1.41e-05
7.05e-05
8e-07
0.0001553
0.0005277
0.0021783
0.0008313
0.0020845
0.0005623

0.750885
0.234908
0.143542
0.0035251
0.0301462
0.0004547
2.06e-05
0.0001324
0.0005589
0.0082328
0.0608987
0.0346365
0.0129514
0.0719882
0.001085
0.0064451
0.0006358
8.6e-06
8.87e-05
0.060487
0.000462
0.0624745
0.0008194
0
0
6.1e-06
1.65e-05
5e-07
0.0001485
0.0004595
0.000999
0.0003377
0.0005009
0.0001367

0.729486
0.220065
0.134876
0.0032166
0.026027
0.0003796
1.62e-05
7.96e-05
0.0004753
0.0076813
0.0592191
0.0329351
0.0126788
0.0672215
0.000884
0.0058371
0.0005061
6.6e-06
7.87e-05
0.0572654
0.0004382
0.0589606
0.0006138
0
0
3.6e-06
1.29e-05
3e-07
0.0001339
0.0003886
0.0008207
0.0002734
0.0004701
0.0001207

0.720209
0.223636
0.138055
0.0033951
0.024542
0.000374
2.01e-05
8.47e-05
0.000505
0.0079173
0.0637403
0.0326343
0.0128071
0.0675014
0.0008816
0.0058364
9.79e-05
6.3e-06
6.61e-05
0.055562
0.0004565
0.0596255
0.0006296
0
0
3.4e-06
1.28e-05
4e-07
0.0001389
0.0003837
0.0019114
0.0004266
0.0011944
0.0005192

