0.735326
0.0532355
0.0074351
9.41e-05
0.0019935
5.52e-05
2.2e-06
1.73e-05
4.7e-05
0.0007743
0.0008388
0.0032799
0.0012527
0.0441053
0.0001161
0.0006298
1.87e-05
6e-07
7.8e-06
0.0241154
0.0001469
0.0430459
0.0001043
0
0
7.1e-06
2.54e-05
8e-07
0.0001037
3.97e-05
0.0175482
0.0001751
0.0009028
0.0003006

0.718028
0.230744
0.143222
0.0038923
0.0345293
0.0004305
1.79e-05
0.0001177
0.0005481
0.0078661
0.0579942
0.0329056
0.0126863
0.0704806
0.000955
0.006247
0.0001149
7.2e-06
7.13e-05
0.0377572
0.000575
0.0618512
0.0007582
0
0
6.6e-06
2.88e-05
9e-07
0.0002005
0.0003687
0.0205215
0.0008614
0.0021167
0.0005758

0.7459
0.239506
0.149892
0.0039812
0.0390672
0.0004995
1.72e-05
0.0001098
0.0005621
0.0080943
0.0587056
0.0339263
0.0128232
0.0729455
0.0011276
0.0061878
0.0002787
5.5e-06
8.26e-05
0.0391194
0.0006293
0.0640566
0.0007531
0
0
8.4e-06
6.18e-05
6e-07
0.000155
0.0004816
0.0214239
0.00079
0.0021111
0.0005934

0.750656
0.235248
0.145954
0.0036488
0.0385364
0.0004884
1.9e-05
0.0001367
0.0005454
0.0082594
0.0553636
0.0340601
0.0129857
0.0719993
0.0011
0.0068587
0.0001622
7.9e-06
8.09e-05
0.0373862
0.000569
0.0624609
0.0008672
0
0
4.8e-06
1.76e-05
1e-06
0.0001414
0.0004359
0.024153
0.0002658
0.0005103
0.0001328

0.729276
0.220447
0.137067
0.0034565
0.0340454
0.0004021
1.49e-05
8.79e-05
0.0004793
0.0076825
0.0533071
0.032808
0.0126653
0.0673999
0.0010522
0.0062178
8.26e-05
7.5e-06
7.32e-05
0.0354321
0.0004551
0.0589693
0.0006447
0
0
4.9e-06
2.81e-05
7e-07
0.0001319
0.0005271
0.0226758
0.0002364
0.0004939
0.0001203

0.719975
0.224033
0.140561
0.0035293
0.0345728
0.0003822
1.72e-05
8.86e-05
0.0004767
0.0076813
0.0566262
0.0325128
0.0125851
0.0675361
0.000908
0.0058617
7.91e-05
6.6e-06
6.51e-05
0.0372271
0.0005336
0.0596342
0.0006257
0
0
8.7e-06
4.11e-05
5e-07
0.0001317
0.0004016
0.0202567
0.0003485
0.001276
0.0005134

